0600: a2 00 86 20 a9 05 85 21 a5 fe 85 22 c6 21 a5 21 
0610: f0 03 4c 8b 06 a9 05 85 21 a2 21 e6 22 a5 22 29 
0620: 07 a8 bd 00 10 f0 06 b9 fb 06 9d 00 10 bd 40 10 
0630: f0 06 b9 fb 06 9d 40 10 bd 80 10 f0 06 b9 fb 06 
0640: 9d 80 10 bd c0 10 f0 06 b9 fb 06 9d c0 10 bd 00 
0650: 11 f0 06 b9 fb 06 9d 00 11 bd 40 11 f0 06 b9 fb 
0660: 06 9d 40 11 bd 80 11 f0 06 b9 fb 06 9d 80 11 bd 
0670: c0 11 f0 06 b9 fb 06 9d c0 11 bd 00 12 f0 06 b9 
0680: fb 06 9d 00 12 e8 8a 29 3f d0 97 e6 20 a5 20 29 
0690: 3f a8 29 1f aa bd db 06 aa a9 00 9d e0 02 9d e0 
06a0: 03 b9 00 10 9d 00 03 b9 80 10 9d 20 03 b9 00 11 
06b0: 9d 40 03 b9 80 11 9d 60 03 b9 00 12 9d 80 03 b9 
06c0: 80 12 9d a0 03 b9 00 13 9d c0 03 b9 80 13 9d c0 
06d0: 03 e8 c8 8a 29 1f d0 c1 4c 0c 06 00 00 00 00 20 
06e0: 20 20 40 40 60 80 a0 a0 c0 c0 c0 e0 e0 e0 e0 c0 
06f0: c0 c0 a0 a0 80 60 40 40 20 20 20 07 08 09 02 04 
0700: 06 0e 03 00 00 00 00 00 00 00 00 00 00 00 00 00 
0710: 00 00 00 00 00 00 00 00 00 00 00 00 00 00 00 00 
0720: 00 00 00 00 00 00 00 00 00 00 00 00 00 00 00 00 
0730: 00 00 00 00 00 00 00 00 00 00 00 00 00 00 00 00 
0740: 00 00 00 00 00 00 00 00 00 00 00 00 00 00 00 00 
0750: 00 00 00 00 00 00 00 00 00 00 00 00 00 00 00 00 
0760: 00 00 00 00 00 00 00 00 00 00 00 00 00 00 00 00 
0770: 00 00 00 00 00 00 00 00 00 00 00 00 00 00 00 00 
0780: 00 00 00 00 00 00 00 00 00 00 00 00 00 00 00 00 
0790: 00 00 00 00 00 00 00 00 00 00 00 00 00 00 00 00 
07a0: 00 00 00 00 00 00 00 00 00 00 00 00 00 00 00 00 
07b0: 00 00 00 00 00 00 00 00 00 00 00 00 00 00 00 00 
07c0: 00 00 00 00 00 00 00 00 00 00 00 00 00 00 00 00 
07d0: 00 00 00 00 00 00 00 00 00 00 00 00 00 00 00 00 
07e0: 00 00 00 00 00 00 00 00 00 00 00 00 00 00 00 00 
07f0: 00 00 00 00 00 00 00 00 00 00 00 00 00 00 00 00 
0800: 00 00 00 00 00 00 00 00 00 00 00 00 00 00 00 00 
0810: 00 00 00 00 00 00 00 00 00 00 00 00 00 00 00 00 
0820: 00 00 00 00 00 00 00 00 00 00 00 00 00 00 00 00 
0830: 00 00 00 00 00 00 00 00 00 00 00 00 00 00 00 00 
0840: 00 00 00 00 00 00 00 00 00 00 00 00 00 00 00 00 
0850: 00 00 00 00 00 00 00 00 00 00 00 00 00 00 00 00 
0860: 00 00 00 00 00 00 00 00 00 00 00 00 00 00 00 00 
0870: 00 00 00 00 00 00 00 00 00 00 00 00 00 00 00 00 
0880: 00 00 00 00 00 00 00 00 00 00 00 00 00 00 00 00 
0890: 00 00 00 00 00 00 00 00 00 00 00 00 00 00 00 00 
08a0: 00 00 00 00 00 00 00 00 00 00 00 00 00 00 00 00 
08b0: 00 00 00 00 00 00 00 00 00 00 00 00 00 00 00 00 
08c0: 00 00 00 00 00 00 00 00 00 00 00 00 00 00 00 00 
08d0: 00 00 00 00 00 00 00 00 00 00 00 00 00 00 00 00 
08e0: 00 00 00 00 00 00 00 00 00 00 00 00 00 00 00 00 
08f0: 00 00 00 00 00 00 00 00 00 00 00 00 00 00 00 00 
0900: 00 00 00 00 00 00 00 00 00 00 00 00 00 00 00 00 
0910: 00 00 00 00 00 00 00 00 00 00 00 00 00 00 00 00 
0920: 00 00 00 00 00 00 00 00 00 00 00 00 00 00 00 00 
0930: 00 00 00 00 00 00 00 00 00 00 00 00 00 00 00 00 
0940: 00 00 00 00 00 00 00 00 00 00 00 00 00 00 00 00 
0950: 00 00 00 00 00 00 00 00 00 00 00 00 00 00 00 00 
0960: 00 00 00 00 00 00 00 00 00 00 00 00 00 00 00 00 
0970: 00 00 00 00 00 00 00 00 00 00 00 00 00 00 00 00 
0980: 00 00 00